508
736
958
992
1217
2019
2804
2943
3312
3557
4215
4630
5170
5595
719
942
1201
1620
1678
2352
3049
3182
3467
4341
4374
5157
5356
5380
5394
5436
5568
5704
6151
6307
6629
6662
6721
6845
7083
7116
7146
7241
7299
7460
7525
7553
7656
7799
7855
8008
8122
8529
8563
8854
9020
9104
9133
9243
9272
9375
9388
9474
9486
9642
9691
9842
9958
9982
10067
10138
10567
10752
10813
11085
11174
11663
11813
11866
11903
12018
12138
12179
12501
12568
12706
12754
12807
12861
13216
13511
13862
14500
14578
14583
14744
14775
14873
15050
15592
15651
15656
15901
16042
16173
16462
16960
16970
17097
17111
17262
17481
17683
17720
17831
17845
17897
17905
18140
18375
18911
19049
19278
19283
19389
19741
20266
20273
20526
20620
20744
20915
21237
21382
21597
21734
21736
21860
21897
21904
21912
21980
22124
22194
22384
22421
22521
22541
22637
22895
23042
23188
23545
23661
24246
24309
24364
24369
24540
24587
24859
24943
25101
25186
26019
26072
26121
26222
26497
26654
26806
26869
26940
27360
27745
28067
28367
29187
29369
29384
29480
29512
29675
29830
29927
29949
29969
30659
30921
31009
31032
31238
31577
31755
31804
32423
32449
32618
32789
33414
33738
34269
34803
34934
35297
35438
35444
35467
35602
35712
35812
36302
36442
36538
36568
36611
36964
37081
37108
37231
37383
37419
37638
37946
37985
38055
38537
38542
38857
39100
39689
39727
40165
40275
40335
40411
40468
40942
41184
41194
41242
41500
41897
42069
42231
42436
42805
43128
43324
43379
43480
43984
44260
44399
44440
44598